ch11.1-8	24,120,60
ch1.1-8	193,44,38
ch2.1-2_5_6h8	35,52,43
ch2.1-2_5-8	35,52,43
ch2.1-8	35,52,43
ch3.1-2_5_6h8	185,194,199
ch3.1-2_5-8	185,194,199
ch3.1-5_6h2h4_5-8	185,194,199
ch3.1-8	185,194,199
ch4.1-8	147,196,125
ch5.1-2_5_6h8	229,138,36
ch5.1-2_5-8	229,138,36
ch5.1-8	229,138,36
ch6.1-8	51,164,219
ch7.1-8	241,239,94
ch7.7-8	241,239,94
ch8.1-2_5_2h6_7-8	213,141,189
ch8.1-2_5_6h2h4_5-8	213,141,189
ch8.1-2_5-8	213,141,189
ch8.1-8	213,141,189
ch9.1-2_5_2h6_7-8	150,130,189
ch9.1-2_5-8	150,130,189
ch9.1_2h6_7-8	150,130,189
ch9.1-6	150,130,189
ch9.1-8	150,130,189
chnew7.1-2_5-8	255,11,255
chnew7.1-8	255,11,255
